3.7376589404440255
3.61698293265296
3.3869008449382068
3.173561755767404
2.9760345170459193
2.7933844056218216
2.6246784626915773
2.468992586810171
2.3254192282025072
2.1930748933073247
2.0711069325176803
1.9586992848681526
1.8550770088830806
1.7595095484524976
1.6713127719169965
1.589849885410403
1.5145313614806326
1.4448140447771947
1.3801996020296783
1.3202324775122023
1.264497501314857
1.2126172791899066
1.1642494720891625
1.119084052713344
1.0768406068109404
1.0372657294301495
1.0001305512632235
0.9652284177384686
0.9323727335103787
0.9013949772423998
0.8721428857734128
0.8444788025912056
0.8182781826967507
0.7934282441521397
0.7698267556189861
0.7473809488083726
0.7260065448111049
0.705626883625429
0.6861721467454763
0.6675786633393584
0.6497882912731916
0.6327478649846515
0.6164087029478297
0.6007261681806789
0.5856592759149281
0.5711703431690375
0.5572246755344239
0.5437902870032976
0.5308376491343584
0.5183394662727625
0.5062704739163383
0.4946072576545544
0.4833280904038075
0.47241278592583086
0.46184256684885305
0.4515999456167873
0.4416686169732198
0.43203336074699655
0.42267995384727497
0.4135950905002171
0.40476630986906487
0.3961819302958825
0.38783098948839084
0.37970319005039016
0.37178884982052585
0.3640788565426436
0.3565646264426652
0.34923806633261334
0.3420915389028458
0.33511783089937297
0.32831012391486347
0.3216619675501144
0.3151672547277575
0.3088201989621996
0.30261531340957615
0.29654739153909854
0.2906114892828858
0.28480290853537416
0.27911718188591733
0.27355005847938374
0.2680974909095689
0.26275562305922784
0.2575207788085752
0.25238945154133535
0.24735829438392443
0.2424241111191891
0.23758384772139826
0.23283458446392627
0.22817352855535783
0.2235980072636092
0.21910546149116872
0.2146934397677222
0.21035959262930717
0.20610166735574176
0.20191750304043898
0.19780502596887872
0.19376224528394823
0.18978724891816662
0.18587819977442088
0.1820333321383336
0.17825094830673818
0.17452941541798292
0.17086716247092337
0.16726267752051074
0.1637145050388482
0.1602212434314675
0.15678154269940417
0.1533941022384034
0.15005766876728696
0.14677103437816877
0.14353303470180956
0.14034254718197509
0.13719848945318586
0.13409981781675911
0.13104552581051
0.12803464286793864
0.12506623306315295
0.12213939393820256
0.11925325540989554
0.1164069787535639
0.11359975566163401
0.1108308073752362
0.10809938388747399
0.10540476321735893
0.10274625075380873
0.10012317866950869
0.09753490540485386
0.09498081522261946
0.09246031783446253
0.08997284810083742
0.08751786580641277
0.08509485551362261
0.08270332649755963
0.08034281276604337
0.0780128731693607
0.07571309160489641
0.073443077322641
0.07120246533839363
0.06899091696236195
0.0668081204518056
0.0646537917973663
0.06252767565377691
0.06042954642671869
0.058359209528700204
0.0563165028179242
0.05430129823514654
0.05231350365448389
0.05035306496488995
0.048419968399520466
0.04651424313030251
0.04463596414454464
0.04278525541915553
0.04096229340569291
0.03916731083568734
0.037400600850031086
0.03566252144813942
0.03395350024140986
0.032274039480423775
0.030624721305414018
0.029006213143694646
0.02741927314483321
0.025864755503109342
0.024343615466054038
0.02285691376659642
0.021405820143985576
0.019991615535385077
0.018615692427248597
0.017279552756454937
0.015984802651383277
0.014733143211574101
0.013526356454301258
0.012366285524796593
0.011254808296206911
0.01019380360173469
0.009185109572851971
0.008230473930220509
0.007331496606752487
0.0064895657787386535
0.005705789220830621
0.004980923831120667
0.00431530710280681
0.003708795120681972
0.0031607121782263607
0.0026698171827909296
0.0022342915070764184
0.0018517517845284238
0.001519289364302037
0.0012335358887614173
0.000990751999173674
0.0007869338582641767
0.0006179303614500598
0.00047956288963846007
0.0003677394024108172
0.00027855557758112647
0.00020837739921636083
0.0001539017831220844
0.00011219415260196476
8.070400422221645e-05
5.7261180946332624e-05
4.005666054352828e-05
2.7612149777495378e-05
1.8742723434982612e-05
1.25162947178233e-05
8.213004462902989e-06
5.286816520626198e-06
3.330822018936071e-06
2.047065505332819e-06
1.2211537712320165e-06
7.015058408306153e-07
3.8284089716150364e-07
1.9335782403653057e-07
8.500822136661224e-08
2.6276864061176532e-08
-3.064422972442515e-09
-1.5690790006179893e-08
-1.9328180892614997e-08
-1.853197665833873e-08
-1.5876604872583428e-08
-1.2733846401599528e-08
-9.770174465275517e-09
-7.256384476146236e-09
-5.254682186391155e-09
-3.727719083971198e-09
-2.5992430501866533e-09
-1.78567594360336e-09
-1.2108697363055337e-09
-8.115971454877351e-10
-5.382875685680345e-10
-3.535965495322165e-10
-2.302184009920481e-10
-1.4865323730377913e-10
-9.524277187937425e-11
-6.057585456558407e-11
-3.825916721908718e-11
-2.4003550846248856e-11
-1.4963596528534452e-11
-9.270807664168106e-12
-5.7096226729832505e-12
-3.496080082402423e-12
-2.128657404357661e-12
-1.2889580977695773e-12
-7.763039141396018e-13
-4.6508268351548e-13
-2.771880393585904e-13
-1.6436184871931845e-13
-9.697113421169616e-14
-5.692834210352594e-14
-3.325724727054175e-14
-1.9334844177414237e-14
-1.1187027862392282e-14
-6.442136179666749e-15
-3.692379610261085e-15
-2.1065075504193313e-15
-1.1962388755430494e-15
-6.762202170819103e-16
-3.8053107586298227e-16
-2.1317663154840235e-16
-1.1889175402107053e-16
-6.601478739551287e-17
-3.6494071388399103e-17
-2.0086711217358305e-17
-1.1008147940888104e-17
-6.006918261738867e-18
-3.263879105245915e-18
-1.7659314099212536e-18
-9.514441644392148e-19
-5.104750530530512e-19
-2.7274655596866946e-19
-1.451273063675014e-19
-7.69051558509407e-20
-4.058722803908448e-20
-2.133348919935262e-20
-1.1168213850541393e-20
-5.823250296920994e-21
-3.0242486982946843e-21
-1.5644082066413166e-21
-8.06070949889266e-22
-4.137108934257589e-22
-2.1150999228599456e-22
-1.0771710178567836e-22
-5.464717429919701e-23
-2.7617816427625975e-23
-1.3904606453119314e-23
-6.974046168686113e-24
-3.484789697799617e-24
-1.7347732800627287e-24
-8.603831486511995e-25
-4.251406101193096e-25
-2.093019105869136e-25
-1.0266489384507302e-25
-5.017496143434582e-26
-2.4432982344636705e-26
-1.1854907969100359e-26
-5.731390231928097e-27
-2.7610200925548742e-27
-1.3253621266922951e-27
-6.339608666207007e-28
-3.021764781072269e-28
-1.4352794887587111e-28
-6.79355559302023e-29
-3.204422267199016e-29
-1.5062648082203917e-29
-7.056004343336545e-30
-3.294041932654306e-30
-1.5325651594008283e-30
-7.106160255161122e-31
-3.2838542344594724e-31
-1.5124188796185527e-31
-6.942343445906343e-32
-3.176085968849963e-32
-1.4482276674426012e-32
-6.581821201735002e-33
-2.981440241405458e-33
-1.3461175718815658e-33
-6.057908794262198e-34
-2.7173854602962227e-34
-1.2149947555139452e-34
-5.414994138207373e-35
-2.4056239372323277e-35
-1.0652935627713294e-35
-4.702494411198193e-36
-2.069236969897957e-36
-9.076545750641445e-37
-3.96885122184229e-37
-1.7300085080601334e-37
-7.517547113267694e-38
-3.2565205144986865e-38
-1.406327284510481e-38
-6.054510553477349e-39
-2.5985842773339623e-39
-1.111897417141727e-39
-4.743159769573044e-40
-2.0172086418246625e-40
-8.553006177066594e-41
-3.615567434043686e-41
-1.5238023071065114e-41
-6.402948153774846e-42
-2.6824720817239642e-42
-1.1204666256840168e-42
-4.666332747275494e-43
-1.937626555740061e-43
-8.022071547155718e-44
-3.3115361771442496e-44
-1.3630236556322806e-44
-5.5938723603036194e-45
-2.2890816975525343e-45
-9.34015070679487e-46
-3.80009586758782e-46
-1.5416560370394061e-46
-6.236441255882202e-47
-2.5156296484886853e-47
-1.0118617118372972e-47
-4.058487764706667e-48
-1.6232295182703848e-48
-6.4739924712175285e-49
-2.5748085007237105e-49
-1.021179402768322e-49
-4.038753735864888e-50
-1.5928861049655493e-50
-6.264953842828491e-51
-2.4572569362350713e-51
-9.611396934964387e-52
-3.749120338122584e-52
-1.4584206743806402e-52
-5.657836806146813e-53
-2.188949637568159e-53
-8.445831554103577e-54
-3.249928953072267e-54
-1.2471928306644428e-54
-4.7733698195353935e-55
-1.822014040599233e-55
-6.9361249191634195e-56
-2.6334434981467798e-56
-9.971864019735848e-57
-3.7659733154524224e-57
-1.4185019993398703e-57
-5.32890203475204e-58
-1.9966585862785796e-58
-7.461589722075714e-59
-2.781144586491505e-59
-1.0339119489473434e-59
-3.833667454782076e-60
-1.4178141415137265e-60
-5.2299942524512125e-61
-1.9242575349206263e-61
-7.0616837711820285e-62
-2.584874159055284e-62
-9.437556692393693e-63
-3.4369380678422335e-63
-1.248471735633729e-63
-4.523592608129988e-64
-1.6348913013365148e-64
-5.89383193090339e-65
-2.1193998326527393e-65
-7.602162050468607e-66
-2.7200269129598035e-66
-9.707868392945932e-67
-3.4561444661641476e-67
-1.2273825081683998e-67
-4.348011567844908e-68
-1.5364797262099468e-68
-5.416153965433895e-69
-1.9045212131445026e-69
-6.680575444291323e-70
-2.3376406852012135e-70
-8.159809642607278e-71
-2.8413401153111864e-71
-9.869834355642803e-72
-3.420128716245278e-72
-1.1822884990029e-72
-4.0771375882794315e-73
-1.4026218552903752e-73
-4.8137284937470766e-74
-1.6480893079063015e-74
-5.629119135204271e-75
-1.9180638270225623e-75
-6.520050160203451e-76
-2.2110899902491406e-76
-7.480520456282204e-77
-2.5248141965951056e-77
-8.501616772496875e-78
-2.8559485568731957e-78
-9.571461072363632e-79
-3.200275187220659e-79
-1.0675294220555624e-79
-3.552695782014899e-80
-1.1795707764753127e-80
-3.9073288934414836e-81
-1.2913027037773286e-81
-4.257654438209e-82
-1.4005839115556233e-82
-4.596701786533155e-83
-1.5051649029438152e-83
-4.917274607175534e-84
-1.6027637858664709e-84
-5.212202710217806e-85
-1.6911487766231414e-85
-5.4746087089423855e-86
-1.7682232482246976e-86
-5.698175646877145e-87
-1.8321087844563619e-87
-5.877400984394447e-88
-1.8812216229403064e-88
-6.007822614730574e-89
-1.9143381236032767e-89
-6.086203896874486e-90
-1.9306454729488792e-90
-6.110666974565211e-91
-1.9297746905292398e-91
-6.0807667313446694e-92
-1.911814077509828e-92
-5.99750137339565e-93
-1.8773024540969585e-93
-5.863259546966323e-94
-1.8272027771796477e-94
-5.681707775625382e-95
-1.7628579138646785e-95
-5.457625542212669e-96
-1.6859313797625692e-96
-5.196698275183864e-97
-1.5983366575068842e-97
-4.9052806233790626e-98
-1.502159237712467e-98
-4.590143588620114e-99
-1.3995757441749778e-99
-4.2582192891965536e-100
-1.2927744177071482e-100
-3.916356391494447e-101
-1.1838808644694006e-101
-3.571097689880049e-102
-1.0748923725335518e-102
-3.228489114343906e-103
-9.676233280059468e-104
-2.893926818138497e-104
-8.63663391331702e-105
-2.5720461764955975e-105
-7.643491988506158e-106
-2.2666537388610957e-106
-6.707495024461322e-107
-1.9807006213115206e-107
-5.836629085925972e-108
-1.716293662315662e-108
-5.036267699646859e-109
-1.4747390028635457e-109
-4.3093534405167434e-110
-1.256611646595451e-110
-3.65665073101657e-111
-1.0618440107858854e-111
-3.077047520053934e-112
-8.89826453952923e-113
-2.567884165371733e-113
-7.395131847824187e-114
-2.12528975647427e-114
-6.095277212880358e-115
-1.744508948450149e-115
-4.9826306905014705e-116
-1.4202057807244873e-116
-4.0397291355073054e-117
-1.1467345942413955e-117
-3.2485127399888623e-118
-9.183717428275482e-119
-2.590991606842251e-119
-7.29505084852655e-120
-2.0497775099528133e-120
-5.7478107200713295e-121
-1.608484085529248e-121
-4.492115230078808e-122
-1.2520049396190967e-122
-3.482438435679839e-123
-9.666835128358098e-124
-2.6779954470327643e-124
-7.403911296396443e-125
-2.0428647406722376e-125
-5.6253069650176926e-126
-1.5459029091092706e-126
-4.239832853981887e-127
-1.1605047997044029e-127
-3.1701365726586743e-128
-8.642571176344707e-129
-2.3514895060798002e-129
-6.38527096391095e-130
-1.7304256176810868e-130
-4.680205915042846e-131
-1.2633291089911912e-131
-3.403365950621305e-132
-9.150450609038868e-133
-2.4553820165833648e-133
-6.575662028212594e-134
-1.7575382175160496e-134
-4.688306575921771e-135
-1.248171332434132e-135
-3.3165031547399188e-136
-8.79499637988322e-137
-2.3277748724266027e-137
-6.148899024026983e-138
-1.6210851529054342e-138
-4.2654747625858876e-139
-1.1201675811487716e-139
-2.9359839868889983e-140
-7.680339264346288e-141
-2.005229741979848e-141
-5.2252352314937275e-142
-1.3589594233936433e-142
-3.5274999647910342e-143
-9.138783245370566e-144
-2.3630423417423538e-144
-6.0984199774646565e-145
-1.5708212910003482e-145
-4.0383203769750274e-146
-1.0361919516074215e-146
-2.6536645132310717e-147
-6.782957172969984e-148
-1.73045488467163e-148
-4.4062640651359055e-149
-1.1198263245187646e-149
-2.840544579448518e-150
-7.191578043431718e-151
-1.8172693321000615e-151
-4.583400023044014e-152
-1.1537997498034801e-152
-2.898999714172635e-153
-7.270123595192691e-154
-1.819751702291358e-154
-4.546320159284585e-155
-1.1336689625735159e-155
-2.821575443511551e-156
-7.009338791826981e-157
-1.737973740914452e-157
-4.301212861614596e-158
-1.0624806152724628e-158
-2.6195954655031515e-159
-6.446609379638113e-160
-1.583482113691271e-160
-3.882222418440117e-161
-9.500224473360994e-162
-2.3204610138172774e-162
-5.65721113576796e-163
-1.3766354288064084e-163
-3.3436797563444227e-164
-8.10625606289573e-165
-1.961582569978492e-165
-4.7378817964672104e-166
-1.1422309257956642e-166
-2.7486306224192314e-167
-6.601951391312231e-168
-1.582786861692255e-168
-3.7876288417909295e-169
-9.04706985022264e-170
-2.156972970440275e-170
-5.133083970700949e-171
-1.219297297988693e-171
-2.8909401149720336e-172
-6.841754408665902e-173
-1.6162011874444248e-173
-3.8108650256723196e-174
-8.969176315419604e-175
-2.1070897935101633e-175
-4.941009021440612e-176
-1.1565142818419214e-176
-2.702027266611944e-177
-6.30133322271436e-178
-1.4668299564934763e-178
-3.408256795132303e-179
-7.90479597307018e-180
-1.83001831687286e-180
-4.2288980721319284e-181
-9.754535564214742e-182
-2.2459193502991707e-182
-5.161672880602802e-183
-1.1841211356613319e-183
-2.711513004402174e-184
-6.197802288229084e-185
-1.414082577638462e-185
-3.220500767115967e-186
-7.321232082363848e-187
-1.6613365446261126e-187
-3.763087182911537e-188
-8.508337233994469e-189
-1.920257166168733e-189
-4.326023802926775e-190
-9.728228155258402e-191
-2.183707371350938e-191
-4.892958080856853e-192
-1.0943731276115871e-192
-2.443299575148312e-193
-5.4451003908551556e-194
-1.2113047770398779e-194
-2.6897989860312956e-195
-5.962186588410016e-196
-1.3192014624026788e-196
-2.9136473368103685e-197
-6.423675826244012e-198
-1.4136812130957366e-198
-3.1055681155190987e-199
-6.810089079035462e-200
-1.4906893248753883e-200
-3.2572009688224384e-201
-7.104368501135708e-202
-1.5467864431640086e-202
-3.361705179357558e-203
-7.29312591182378e-204
-1.5794033329847341e-204
-3.4142715834480817e-205
-7.36765313710236e-206
-1.5870360417787703e-206
-3.412489548206562e-207
-7.324587967379979e-208
-1.5693608011311968e-208
-3.3565300031465713e-209
-7.166164816763415e-210
-1.527256449885012e-210
-3.249125200545055e-211
-6.900024152029453e-212
-1.4627322579406614e-212
-3.0953481637068173e-213
-6.5386031593945195e-214
-1.3787693767602709e-214
-2.902216549284729e-215
-6.09817515143647e-216
-1.2790932942504936e-216
-2.6781638808585123e-217
-5.597640710879059e-218
-1.1679013937291123e-218
-2.4324334012170863e-219
-5.057194983463422e-220
-1.049573186453752e-220
-2.1744547313943862e-221
-4.4970006619428947e-222
-9.283907136119848e-223
-1.9132608897596754e-223
-3.935985416972627e-224
-8.082932550866999e-225
-1.65699393606932e-225
-3.390858542709125e-226
-6.926845651053715e-227
-1.412533394878531e-227
-2.875408823382902e-228
-5.8430341559927235e-229
-1.1852650429996318e-229
-2.4001093566049453e-230
-4.851604157621963e-231
-9.789910765242343e-232
-1.972020457405586e-232
-3.9653695629121867e-233
-7.959682580042119e-234
-1.594953076442722e-234
-3.190365228600562e-235
-6.370499316764627e-236
-1.2698352058178574e-236
-2.526750222420799e-237
-5.0190157173139466e-238
-9.952136509627245e-239
-1.969952918397884e-239
-3.892578205952556e-240
-7.67822872715134e-241
-1.5119142453515916e-241
-2.9719116987408897e-242
-5.831596714147025e-243
-1.1423050802092457e-243
-2.233674987872619e-244
-4.360148692965774e-245
-8.496230002638889e-246
-1.6527039106583185e-246
-3.2092819267811636e-247
-6.221067196676196e-248
-1.203833159992284e-248
-2.3254782217456865e-249
-4.484386027048322e-250
-8.632540301223588e-251
-1.6588965934850166e-251
-3.182330319984273e-252
-6.094198535105301e-253
-1.1650203122354357e-253
-2.2232899587495087e-254
-4.2354989217013057e-255
-8.054879548436731e-256
-1.5291837487611783e-256
-2.8980547461021786e-257
-5.482768642587106e-258
-1.0354754605558724e-258
-1.952209342400633e-259
-3.6741744490484435e-260
-6.903035245669234e-261
-1.2946949673362026e-261
-2.4240523514610133e-262
-4.5306843668435404e-263
-8.453430898877114e-264
-1.574525495246743e-264
-2.927615112897206e-265
-5.434079083745638e-266
-1.0068985478777254e-266
-1.8624874362655323e-267
-3.439132866116209e-268
-6.339464983468891e-269
-1.1665527764100268e-269
-2.1429122399621567e-270
-3.929639073807031e-271
-7.193649887539815e-272
-1.3146021980253684e-272
-2.3982138088974123e-273
-4.3674706389238457e-274
-7.940003544222565e-275
-1.4409869931057527e-275
-2.610646917651024e-276
-4.721554188609515e-277
-8.524533551445597e-278
-1.536402900302548e-278
-2.7643211604410196e-279
-4.965017676188684e-280
-8.902296446510591e-281
-1.5934274193360972e-281
-2.8471577199476256e-282
-5.078550705813545e-283
-9.043095265338438e-284
-1.607472234202413e-284
-2.8524558241213182e-285
-5.052932026360468e-286
-8.9354632258707e-287
-1.577392518861507e-287
-2.7797873210590647e-288
-4.890265590628013e-289
-8.588204929870277e-290
-1.5056409451089204e-290
-2.6350537922713805e-291
-4.60369546974739e-292
-8.029207897553563e-293
-1.3979376692115517e-293
-2.4296956398243626e-294
-4.2156531639687755e-295
-7.301746808932438e-296
-1.2625178520463453e-296
-2.1792000867681487e-297
-3.7549613018401026e-298
-6.458959412758524e-299
-1.1090939279885664e-299
-1.9011777769322463e-300
-3.253311916034281e-301
-5.557470839783551e-302
-9.477136433469302e-303
-1.6133383550244145e-303
-2.74171369536365e-304
-4.651221145291298e-305
-7.87698549073496e-306
-1.331684034276439e-306
-2.247451608669345e-307
-3.786408182164925e-308
-6.368136242942104e-309
-1.069165674323907e-309
-1.79194765029115e-310
-2.9981487846444e-311
-5.00758690863e-312
-8.34932096726e-313
-1.38970000153e-313
-2.30907527e-314
-3.83002975e-315
-6.3418079e-316
-1.0482642e-316
-1.729725e-317
-2.8493e-318
-4.68587e-319
-7.694e-320
-1.262e-320
-2.07e-321
-3.46e-322
-6e-323
-5e-324
0.0
0.0
0.0
0.0
0.0
0.0
0.0
0.0
0.0
0.0
0.0
0.0
0.0
0.0
0.0
0.0
0.0
0.0
0.0
0.0
0.0
0.0
0.0
0.0
0.0
0.0
0.0
0.0
0.0
0.0
0.0
0.0
0.0
0.0
0.0
0.0
0.0
0.0
0.0
0.0
0.0
0.0
0.0
0.0
0.0
0.0
0.0
0.0
0.0
0.0
0.0
0.0
0.0
0.0
0.0
0.0
0.0
0.0
0.0
0.0
0.0
0.0
0.0
0.0
0.0
0.0
0.0
0.0
0.0
0.0
0.0
0.0
0.0
0.0
0.0
0.0
0.0
0.0
0.0
0.0
0.0
0.0
0.0
0.0
0.0
0.0
0.0
0.0
0.0
0.0
0.0
0.0
0.0
0.0
0.0
0.0
0.0
0.0
0.0
0.0
0.0
0.0
0.0
0.0
0.0
0.0
0.0
0.0
0.0
0.0
0.0
0.0
0.0
0.0
0.0
0.0
0.0
0.0
0.0
0.0
0.0
0.0
0.0
0.0
0.0
0.0
0.0
0.0
0.0
0.0
0.0
0.0
0.0
0.0
0.0
0.0
0.0
0.0
0.0
0.0
0.0
0.0
0.0
0.0
0.0
0.0
0.0
0.0
0.0
0.0
0.0
0.0
0.0
0.0
0.0
0.0
0.0
0.0
0.0
0.0
0.0
0.0
0.0
0.0
0.0
0.0
0.0
0.0
0.0
0.0
0.0
0.0
0.0
0.0
0.0
0.0
0.0
0.0
0.0
0.0
0.0
0.0
0.0
0.0
0.0
0.0
0.0
0.0
0.0
0.0
0.0
0.0
0.0
0.0
0.0
0.0
0.0
0.0
0.0
0.0
0.0
0.0
0.0
0.0
0.0
0.0
0.0
0.0
0.0
0.0
0.0
0.0
0.0
0.0
0.0
0.0
0.0
0.0
0.0
0.0
0.0
0.0
0.0
0.0
0.0
0.0
0.0
0.0
0.0
0.0
0.0
0.0
0.0
0.0
0.0
0.0
0.0
0.0
0.0
0.0
0.0
0.0
0.0
0.0
0.0
0.0
0.0
0.0
0.0
0.0
0.0
0.0
0.0
0.0
0.0
0.0
0.0
0.0
0.0
0.0
0.0
0.0
0.0
0.0
0.0
0.0
0.0
0.0
0.0
0.0
0.0
0.0
0.0
0.0
0.0
0.0
0.0
0.0
0.0
0.0
0.0
0.0
0.0
0.0
0.0
0.0
0.0
0.0
0.0
0.0
0.0
0.0
0.0
0.0
0.0
0.0
0.0
0.0
0.0
0.0
0.0
0.0
0.0
0.0
0.0
0.0
0.0
0.0
0.0
0.0
0.0
0.0
0.0
0.0
0.0
0.0
0.0
0.0
0.0
0.0
0.0
0.0
0.0
0.0
0.0
0.0
0.0
0.0
0.0
0.0
0.0
0.0
0.0
0.0
0.0
0.0
0.0
0.0
0.0
0.0
0.0
0.0
0.0
0.0
0.0
0.0
0.0
0.0
0.0
0.0
0.0
0.0
0.0
0.0
0.0
0.0
0.0
0.0
0.0
0.0
0.0
0.0
0.0
0.0
0.0
0.0
0.0
0.0
0.0
0.0
0.0
0.0
0.0
0.0
0.0
0.0
0.0
0.0
0.0
0.0
0.0
0.0
0.0
0.0
0.0
0.0
0.0
0.0
0.0
0.0
0.0
0.0
0.0
0.0
0.0
0.0
0.0
0.0
0.0
0.0
0.0
0.0
0.0
0.0
0.0
0.0
0.0
0.0
0.0
0.0
0.0
0.0
0.0
0.0
0.0
0.0
0.0
0.0
0.0
0.0
0.0
0.0
0.0
0.0
0.0
0.0
0.0
0.0
0.0
0.0
0.0
0.0
0.0
0.0
0.0
0.0
0.0
0.0
0.0
0.0
0.0
0.0
0.0
0.0
0.0
0.0
0.0
0.0
0.0
0.0
0.0
0.0
0.0
0.0
0.0
0.0
0.0
0.0
0.0
0.0
0.0
0.0
0.0
0.0
0.0
0.0
0.0
0.0
0.0
0.0
0.0
0.0
0.0
0.0
0.0
0.0
0.0
0.0
0.0
0.0
0.0
0.0
0.0
0.0
0.0
0.0
0.0
0.0
0.0
0.0
0.0
0.0
0.0
0.0
0.0
0.0
0.0
0.0
0.0
0.0
0.0
0.0
0.0
0.0
0.0
0.0
0.0
0.0
0.0
0.0
0.0
0.0
0.0
0.0
0.0
0.0
0.0
0.0
0.0
0.0
0.0
0.0
0.0
0.0
0.0
0.0
0.0
0.0
0.0
0.0
0.0
0.0
0.0
0.0
0.0
0.0
0.0
0.0
0.0
0.0
0.0
0.0
0.0
0.0
0.0
0.0
0.0
0.0
0.0
0.0
0.0
0.0
0.0
0.0
0.0
0.0
0.0
0.0
0.0
0.0
0.0
0.0
0.0
0.0
0.0
0.0
0.0
0.0
0.0
0.0
0.0
0.0
0.0
0.0
0.0
0.0
0.0
0.0
0.0
0.0
0.0
0.0
0.0
0.0
0.0
0.0
0.0
0.0
0.0
0.0
0.0
0.0
0.0
0.0
0.0
0.0
0.0
0.0
0.0
0.0
0.0
0.0
0.0
0.0
0.0
0.0
0.0
0.0
0.0
0.0
0.0
0.0
0.0
0.0
0.0
0.0
0.0
0.0
0.0
0.0
0.0
0.0
0.0
0.0
0.0
0.0
0.0
0.0
0.0
0.0
0.0
0.0
0.0
0.0
0.0
0.0
0.0
0.0
0.0
0.0
0.0
0.0
0.0
0.0
0.0
0.0
0.0
0.0
0.0
0.0
0.0
0.0
0.0
0.0
0.0
0.0
0.0
0.0
0.0
0.0
0.0
0.0
0.0
0.0
0.0
0.0
0.0
0.0
0.0
0.0
0.0
0.0
0.0
0.0
0.0
0.0
0.0
0.0
0.0
0.0
0.0
0.0
0.0
0.0
0.0
0.0
0.0
0.0
0.0
0.0
0.0
0.0
0.0
0.0
0.0
0.0
0.0
0.0
0.0
0.0
0.0
0.0
0.0
0.0
0.0
0.0
0.0
0.0
0.0
0.0
0.0
0.0
0.0
0.0
0.0
0.0
0.0
0.0
0.0
0.0
0.0
0.0
0.0
0.0
0.0
0.0
0.0
0.0
0.0
0.0
0.0
0.0
0.0
0.0
0.0
0.0
0.0
0.0
0.0
0.0
0.0
0.0
0.0
0.0
0.0
0.0
0.0
0.0
0.0
0.0
0.0
0.0
0.0
0.0
0.0
0.0
0.0
0.0
0.0
0.0
0.0
0.0
0.0
0.0
0.0
0.0
0.0
0.0
0.0
0.0
0.0
0.0
0.0
0.0
0.0
0.0
0.0
0.0
0.0
0.0
0.0
0.0
0.0
0.0
0.0
0.0
0.0
0.0
0.0
0.0
0.0
0.0
0.0
0.0
0.0
0.0
0.0
0.0
0.0
0.0
0.0
0.0
0.0
0.0
0.0
0.0
0.0
0.0
0.0
0.0
0.0
0.0
0.0
0.0
0.0
0.0
0.0
0.0
0.0
0.0
0.0
0.0
0.0
0.0
0.0
0.0
0.0
0.0
0.0
0.0
0.0
0.0
0.0
0.0
0.0
0.0
0.0
0.0
0.0
0.0
0.0
0.0
0.0
0.0
0.0
0.0
0.0
0.0
0.0
0.0
0.0
0.0
0.0
0.0
0.0
0.0
0.0
0.0
0.0
0.0
0.0
0.0
0.0
0.0
0.0
0.0
0.0
0.0
0.0
0.0
0.0
0.0
0.0
0.0
0.0
0.0
0.0
0.0
0.0
0.0
0.0
0.0
0.0
0.0
0.0
0.0
0.0
0.0
0.0
0.0
0.0
0.0
0.0
0.0
0.0
0.0
0.0
0.0
0.0
0.0
0.0
0.0
0.0
0.0
0.0
0.0
0.0
0.0
0.0
0.0
0.0
0.0
0.0
0.0
0.0
0.0
0.0
0.0
0.0
0.0
0.0
0.0
0.0
0.0
0.0
0.0
0.0
0.0
0.0
0.0
0.0
0.0
0.0
0.0
0.0
0.0
0.0
0.0
0.0
0.0
0.0
0.0
0.0
0.0
0.0
0.0
0.0
0.0
0.0
0.0
0.0
0.0
0.0
0.0
0.0
0.0
0.0
0.0
0.0
0.0
0.0
0.0
0.0
0.0
0.0
0.0
0.0
0.0
0.0
0.0
0.0
0.0
0.0
0.0
0.0
0.0
0.0
0.0
0.0
0.0
0.0
0.0
0.0
0.0
0.0
0.0
0.0
0.0
0.0
0.0
0.0
0.0
0.0
0.0
0.0
0.0
0.0
0.0
0.0
0.0
0.0
0.0
0.0
0.0
0.0
0.0
0.0
0.0
0.0
0.0
0.0
0.0
0.0
0.0
0.0
0.0
0.0
0.0
0.0
0.0
0.0
0.0
0.0
0.0
0.0
0.0
0.0
0.0
0.0
0.0
0.0
0.0
0.0
0.0
0.0
0.0
0.0
0.0
0.0
0.0
0.0
0.0
0.0
0.0
0.0
0.0
0.0
0.0
0.0
0.0
0.0
0.0
0.0
0.0
0.0
0.0
0.0
0.0
0.0
0.0
0.0
0.0
0.0
0.0
0.0
0.0
0.0
0.0
0.0
0.0
0.0
0.0
0.0
0.0
0.0
0.0
0.0
0.0
0.0
0.0
0.0
0.0
0.0
0.0
0.0
0.0
0.0
0.0
0.0
0.0
0.0
0.0
0.0
0.0
0.0
0.0
0.0
0.0
0.0
0.0
0.0
0.0
0.0
0.0
0.0
0.0
0.0
0.0
0.0
0.0
0.0
0.0
0.0
0.0
0.0
0.0
0.0
0.0
0.0
0.0
0.0
0.0
0.0
0.0
0.0
0.0
0.0
0.0
0.0
0.0
0.0
0.0
0.0
0.0
0.0
0.0
0.0
0.0
0.0
0.0
0.0
0.0
0.0
0.0
0.0
0.0
0.0
0.0
0.0
0.0
0.0
0.0
0.0
0.0
0.0
0.0
0.0
0.0
0.0
0.0
0.0
0.0
0.0
0.0
0.0
0.0
0.0
0.0
0.0
0.0
0.0
0.0
0.0
0.0
0.0
0.0
0.0
0.0
0.0
0.0
0.0
0.0
0.0
0.0
0.0
0.0
0.0
0.0
0.0
0.0
0.0
0.0
0.0
0.0
0.0
0.0
0.0
0.0
0.0
0.0
0.0
0.0
0.0
0.0
0.0
0.0
0.0
0.0
0.0
0.0
0.0
0.0
0.0
0.0
0.0
0.0
0.0
0.0
0.0
0.0
0.0
0.0
0.0
0.0
0.0
0.0
0.0
0.0
0.0
0.0
0.0
0.0
0.0
0.0
0.0
0.0
0.0
0.0
0.0
0.0
0.0
0.0
0.0
0.0
0.0
0.0
0.0
0.0
0.0
0.0
0.0
0.0
0.0
0.0
0.0
0.0
0.0
0.0
0.0
0.0
0.0
0.0
0.0
0.0
0.0
0.0
0.0
0.0
0.0
0.0
0.0
0.0
0.0
0.0
0.0
0.0
0.0
0.0
0.0
0.0
0.0
0.0
0.0
0.0
0.0
0.0
0.0
0.0
0.0
0.0
0.0
0.0
0.0
0.0
0.0
0.0
0.0
0.0
0.0
0.0
0.0
0.0
0.0
0.0
0.0
0.0
0.0
0.0
0.0
0.0
0.0
0.0
0.0
0.0
0.0
0.0
0.0
0.0
0.0
0.0
0.0
0.0
0.0
0.0
0.0
0.0
0.0
0.0
0.0
0.0
0.0
0.0
0.0
0.0
0.0
0.0
0.0
0.0
0.0
0.0
0.0
0.0
0.0
0.0
0.0
0.0
0.0
0.0
0.0
0.0
0.0
0.0
0.0
0.0
0.0
0.0
0.0
0.0
0.0
0.0
0.0
0.0
0.0
0.0
0.0
0.0
0.0
0.0
0.0
0.0
0.0
0.0
0.0
0.0
0.0
0.0
0.0
0.0
0.0
0.0
0.0
0.0
0.0
0.0
0.0
0.0
0.0
0.0
0.0
0.0
0.0
0.0
0.0
0.0
0.0
0.0
0.0
0.0
0.0
0.0
0.0
0.0
0.0
0.0
0.0
0.0
0.0
0.0
0.0
0.0
0.0
0.0
0.0
0.0
0.0
0.0
0.0
0.0
0.0
0.0
0.0
0.0
0.0
0.0
0.0
0.0
0.0
0.0
0.0
0.0
0.0
0.0
0.0
0.0
0.0
0.0
0.0
0.0
0.0
0.0
0.0
0.0
0.0
0.0
0.0
0.0
0.0
0.0
0.0
0.0
0.0
0.0
0.0
0.0
0.0
0.0
0.0
0.0
0.0
0.0
0.0
0.0
0.0
0.0
0.0
0.0
0.0
0.0
0.0
0.0
0.0
0.0
0.0
0.0
0.0
0.0
0.0
0.0
0.0
0.0
0.0
0.0
0.0
0.0
0.0
0.0
0.0
0.0
0.0
0.0
0.0
0.0
0.0
0.0
0.0
0.0
0.0
0.0
0.0
0.0
0.0
0.0
0.0
0.0
0.0
0.0
0.0
0.0
0.0
0.0
0.0
0.0
0.0
0.0
0.0
0.0
0.0
0.0
0.0
0.0
0.0
0.0
0.0
0.0
0.0
0.0
0.0
0.0
0.0
0.0
0.0
0.0
0.0
0.0
0.0
0.0
0.0
0.0
0.0
0.0
0.0
0.0
0.0
0.0
0.0
0.0
0.0
0.0
0.0
0.0
0.0
0.0
0.0
0.0
0.0
0.0
0.0
0.0
0.0
0.0
0.0
0.0
0.0
0.0
0.0
0.0
0.0
0.0
0.0
0.0
0.0
0.0
0.0
0.0
0.0
0.0
0.0
0.0
0.0
0.0
0.0
0.0
0.0
0.0
0.0
0.0
0.0
0.0
0.0
0.0
0.0
0.0
0.0
0.0
0.0
0.0
0.0
0.0
0.0
0.0
0.0
0.0
0.0
0.0
0.0
0.0
0.0
0.0
0.0
0.0
0.0
0.0
0.0
0.0
0.0
0.0
0.0
0.0
0.0
0.0
0.0
0.0
0.0
0.0
0.0
0.0
0.0
0.0
0.0
0.0
0.0
0.0
0.0
0.0
0.0
0.0
0.0
0.0
0.0
0.0
0.0
0.0
0.0
0.0
0.0
0.0
0.0
0.0
0.0
0.0
0.0
0.0
0.0
0.0
0.0
0.0
0.0
0.0
0.0
0.0
0.0
0.0
0.0
0.0
0.0
0.0
0.0
0.0
0.0
0.0
0.0
0.0
0.0
0.0
0.0
0.0
0.0
0.0
0.0
0.0
0.0
0.0
0.0
0.0
0.0
0.0
0.0
0.0
0.0
0.0
0.0
0.0
0.0
0.0
0.0
0.0
0.0
0.0
0.0
0.0
0.0
0.0
0.0
0.0
0.0
0.0
0.0
0.0
0.0
0.0
0.0
0.0
0.0
0.0
0.0
0.0
0.0
0.0
0.0
0.0
0.0
0.0
0.0
0.0
0.0
0.0
0.0
0.0
0.0
0.0
0.0
0.0
0.0
0.0
0.0
0.0
0.0
0.0
0.0
0.0
0.0
0.0
0.0
0.0
0.0
0.0
0.0
0.0
0.0
0.0
0.0
0.0
0.0
0.0
0.0
0.0
0.0
0.0
0.0
0.0
0.0
0.0
0.0
0.0
0.0
0.0
0.0
0.0
0.0
0.0
0.0
0.0
0.0
0.0
0.0
0.0
0.0
0.0
0.0
0.0
0.0
0.0
0.0
0.0
0.0
0.0
0.0
0.0
0.0
0.0
0.0
0.0
0.0
0.0
0.0
0.0
0.0
0.0
0.0
0.0
0.0
0.0
0.0
0.0
0.0
0.0
0.0
0.0
0.0
0.0
0.0
0.0
0.0
0.0
0.0
0.0
0.0
0.0
0.0
0.0
0.0
0.0
0.0
0.0
0.0
0.0
0.0
0.0
0.0
0.0
0.0
0.0
0.0
0.0
0.0
0.0
0.0
0.0
0.0
0.0
0.0
0.0
0.0
0.0
0.0
0.0
0.0
0.0
0.0
0.0
0.0
0.0
0.0
0.0
0.0
0.0
0.0
0.0
0.0
0.0
0.0
0.0
0.0
0.0
0.0
0.0
0.0
0.0
0.0
0.0
0.0
0.0
0.0
0.0
0.0
0.0
0.0
0.0
0.0
0.0
0.0
0.0
0.0
0.0
0.0
0.0
0.0
0.0
0.0
0.0
0.0
0.0
0.0
0.0
0.0
0.0
0.0
0.0
0.0
0.0
0.0
0.0
0.0
0.0
0.0
0.0
0.0
0.0
0.0
0.0
0.0
0.0
0.0
0.0
0.0
0.0
0.0
0.0
0.0
0.0
0.0
0.0
0.0
0.0
0.0
0.0
0.0
0.0
0.0
0.0
0.0
0.0
0.0
0.0
0.0
0.0
0.0
0.0
0.0
0.0
0.0
0.0
0.0
0.0
0.0
0.0
0.0
0.0
0.0
0.0
0.0
0.0
0.0
0.0
0.0
0.0
0.0
0.0
0.0
0.0
0.0
0.0
0.0
0.0
0.0
0.0
0.0
0.0
0.0
0.0
0.0
0.0
0.0
0.0
0.0
0.0
0.0
0.0
0.0
0.0
0.0
0.0
0.0
0.0
0.0
0.0
0.0
0.0
0.0
0.0
0.0
0.0
0.0
0.0
0.0
0.0
0.0
0.0
0.0
0.0
0.0
0.0
0.0
0.0
0.0
0.0
0.0
0.0
0.0
0.0
0.0
0.0
0.0
0.0
0.0
0.0
0.0
0.0
0.0
0.0
0.0
0.0
0.0
0.0
0.0
0.0
0.0
0.0
0.0
0.0
0.0
0.0
0.0
0.0
0.0
0.0
0.0
0.0
0.0
0.0
0.0
0.0
0.0
0.0
0.0
0.0
0.0
0.0
0.0
0.0
0.0
0.0
0.0
0.0
0.0
0.0
0.0
0.0
0.0
0.0
0.0
0.0
0.0
0.0
0.0
0.0
0.0
0.0
0.0
0.0
0.0
0.0
0.0
0.0
0.0
0.0
0.0
0.0
0.0
0.0
0.0
0.0
0.0
0.0
0.0
0.0
0.0
0.0
0.0
0.0
0.0
0.0
0.0
0.0
0.0
0.0
0.0
0.0
0.0
0.0
0.0
0.0
0.0
0.0
0.0
0.0
0.0
0.0
0.0
0.0
0.0
0.0
0.0
0.0
0.0
0.0
0.0
0.0
0.0
0.0
0.0
0.0
0.0
0.0
0.0
0.0
0.0
0.0
0.0
0.0
0.0
0.0
0.0
0.0
0.0
0.0
0.0
0.0
0.0
0.0
0.0
0.0
0.0
0.0
0.0
0.0
0.0
0.0
0.0
0.0
0.0
0.0
0.0
0.0
0.0
0.0
0.0
0.0
0.0
0.0
0.0
0.0
0.0
0.0
0.0
0.0
0.0
0.0
0.0
0.0
0.0
0.0
0.0
0.0
0.0
0.0
0.0
0.0
0.0
0.0
0.0
0.0
0.0
0.0
0.0
0.0
0.0
0.0
0.0
0.0
0.0
0.0
0.0
0.0
0.0
0.0
0.0
0.0
0.0
0.0
0.0
0.0
0.0
0.0
0.0
0.0
0.0
0.0
0.0
0.0
0.0
0.0
0.0
0.0
0.0
0.0
0.0
0.0
0.0
0.0
0.0
0.0
0.0
0.0
0.0
0.0
0.0
0.0
0.0
0.0
0.0
0.0
0.0
0.0
0.0
0.0
0.0
0.0
0.0
0.0
0.0
0.0
0.0
0.0
0.0
0.0
0.0
0.0
0.0
0.0
0.0
0.0
0.0
0.0
0.0
0.0
0.0
0.0
0.0
0.0
0.0
0.0
0.0
0.0
0.0
0.0
0.0
0.0
0.0
0.0
0.0
0.0
0.0
0.0
0.0
0.0
0.0
0.0
0.0
0.0
0.0
0.0
0.0
0.0
0.0
0.0
0.0
0.0
0.0
0.0
0.0
0.0
0.0
0.0
0.0
0.0
0.0
0.0
0.0
0.0
0.0
0.0
0.0
0.0
0.0
0.0
0.0
0.0
0.0
0.0
0.0
0.0
0.0
0.0
0.0
0.0
0.0
0.0
0.0
0.0
0.0
0.0
0.0
0.0
0.0
0.0
0.0
0.0
0.0
0.0
0.0
0.0
0.0
0.0
0.0
0.0
0.0
0.0
0.0
0.0
0.0
0.0
0.0
0.0
0.0
0.0
0.0
0.0
0.0
0.0
0.0
0.0
0.0
0.0
0.0
0.0
0.0
0.0
0.0
0.0
0.0
0.0
0.0
0.0
0.0
0.0
0.0
0.0
0.0
0.0
0.0
0.0
0.0
0.0
0.0
0.0
0.0
0.0
0.0
0.0
0.0
0.0
0.0
0.0
0.0
0.0
0.0
0.0
0.0
0.0
0.0
0.0
0.0
0.0
0.0
0.0
0.0
0.0
0.0
0.0
0.0
0.0
0.0
0.0
0.0
0.0
0.0
0.0
0.0
0.0
0.0
0.0
0.0
0.0
0.0
0.0
0.0
0.0
0.0
0.0
0.0
0.0
0.0
0.0
0.0
0.0
0.0
0.0
0.0
0.0
0.0
0.0
0.0
0.0
0.0
0.0
0.0
0.0
0.0
0.0
0.0
0.0
0.0
0.0
0.0
0.0
0.0
0.0
0.0
0.0
0.0
0.0
0.0
0.0
0.0
0.0
0.0
0.0
0.0
0.0
0.0
0.0
0.0
0.0
0.0
0.0
0.0
0.0
0.0
0.0
0.0
0.0
0.0
0.0
0.0
0.0
0.0
0.0
0.0
0.0
0.0
0.0
0.0
0.0
0.0
0.0
0.0
0.0
0.0
0.0
0.0
0.0
0.0
0.0
0.0
0.0
0.0
0.0
0.0
0.0
0.0
0.0
0.0
0.0
0.0
0.0
0.0
0.0
0.0
0.0
0.0
0.0
0.0
0.0
0.0
0.0
0.0
0.0
0.0
0.0
0.0
0.0
0.0
0.0
0.0
0.0
0.0
0.0
0.0
0.0
0.0
0.0
0.0
0.0
0.0
0.0
0.0
0.0
0.0
0.0
0.0
0.0
0.0
0.0
0.0
0.0
0.0
0.0
0.0
0.0
0.0
0.0
0.0
0.0
0.0
0.0
0.0
0.0
0.0
0.0
0.0
0.0
0.0
0.0
0.0
0.0
0.0
0.0
0.0
0.0
0.0
0.0
0.0
0.0
0.0
0.0
0.0
0.0
0.0
0.0
0.0
0.0
0.0
0.0
0.0
0.0
0.0
0.0
0.0
0.0
0.0
0.0
0.0
0.0
0.0
0.0
0.0
0.0
0.0
0.0
0.0
0.0
0.0
0.0
0.0
0.0
0.0
0.0
0.0
0.0
0.0
0.0
0.0
0.0
0.0
0.0
0.0
0.0
0.0
0.0
0.0
0.0
0.0
0.0
0.0
0.0
0.0
0.0
0.0
0.0
0.0
0.0
0.0
0.0
0.0
0.0
0.0
0.0
0.0
0.0
0.0
0.0
0.0
0.0
0.0
0.0
0.0
0.0
0.0
0.0
0.0
0.0
0.0
0.0
0.0
0.0
0.0
0.0
0.0
0.0
0.0
0.0
0.0
0.0
0.0
0.0
0.0
0.0
0.0
0.0
0.0
0.0
0.0
0.0
0.0
0.0
0.0
0.0
0.0
0.0
0.0
0.0
0.0
0.0
0.0
0.0
0.0
0.0
0.0
0.0
0.0
0.0
0.0
0.0
0.0
0.0
0.0
0.0
0.0
0.0
0.0
0.0
0.0
0.0
0.0
0.0
0.0
0.0
0.0
0.0
0.0
0.0
0.0
0.0
0.0
0.0
0.0
0.0
0.0
0.0
0.0
0.0
0.0
0.0
0.0
0.0
0.0
0.0
0.0
0.0
0.0
0.0
0.0
0.0
0.0
0.0
0.0
0.0
0.0
0.0
0.0
0.0
0.0
0.0
0.0
0.0
0.0
0.0
0.0
0.0
0.0
0.0
0.0
0.0
0.0
0.0
0.0
0.0
0.0
0.0
0.0
0.0
0.0
0.0
0.0
0.0
0.0
0.0
0.0
0.0
0.0
0.0
0.0
0.0
0.0
0.0
0.0
0.0
0.0
0.0
0.0
0.0
0.0
0.0
0.0
0.0
0.0
0.0
0.0
0.0
0.0
0.0
0.0
0.0
0.0
0.0
0.0
0.0
0.0
0.0
0.0
0.0
0.0
0.0
0.0
0.0
0.0
0.0
0.0
0.0
0.0
0.0
0.0
0.0
0.0
0.0
0.0
0.0
0.0
0.0
0.0
0.0
0.0
0.0
0.0
0.0
0.0
0.0
0.0
0.0
0.0
0.0
0.0
0.0
0.0
0.0
0.0
0.0
0.0
0.0
0.0
0.0
0.0
0.0
0.0
0.0
0.0
0.0
0.0
0.0
0.0
0.0
0.0
0.0
0.0
0.0
0.0
0.0
0.0
0.0
0.0
0.0
0.0
0.0
0.0
0.0
0.0
0.0
0.0
0.0
0.0
0.0
0.0
0.0
0.0
0.0
0.0
0.0
0.0
0.0
0.0
0.0
0.0
0.0
0.0
0.0
0.0
0.0
0.0
0.0
0.0
0.0
0.0
0.0
0.0
0.0
0.0
0.0
0.0
0.0
0.0
0.0
0.0
0.0
0.0
0.0
0.0
0.0
0.0
0.0
0.0
0.0
0.0
0.0
0.0
0.0
0.0
0.0
0.0
0.0
0.0
0.0
0.0
0.0
0.0
0.0
0.0
0.0
0.0
0.0
0.0
0.0
0.0
0.0
0.0
0.0
0.0
0.0
0.0
0.0
0.0
0.0
0.0
0.0
0.0
0.0
0.0
0.0
0.0
0.0
0.0
0.0
0.0
0.0
0.0
0.0
0.0
0.0
0.0
0.0
0.0
0.0
0.0
0.0
0.0
0.0
0.0
0.0
0.0
0.0
0.0
0.0
0.0
0.0
0.0
0.0
0.0
0.0
0.0
0.0
0.0
0.0
0.0
0.0
0.0
0.0
0.0
0.0
0.0
0.0
0.0
0.0
0.0
0.0
0.0
0.0
0.0
0.0
0.0
0.0
0.0
0.0
0.0
0.0
0.0
0.0
0.0
0.0
0.0
0.0
0.0
0.0
0.0
0.0
0.0
0.0
0.0
0.0
0.0
0.0
0.0
0.0
0.0
0.0
0.0
0.0
0.0
0.0
0.0
0.0
0.0
0.0
0.0
0.0
0.0
0.0
0.0
0.0
0.0
0.0
0.0
0.0
0.0
0.0
0.0
0.0
0.0
0.0
0.0
0.0
0.0
0.0
0.0
0.0
0.0
0.0
0.0
0.0
0.0
0.0
0.0
0.0
0.0
0.0
0.0
0.0
0.0
0.0
0.0
0.0
0.0
0.0
0.0
0.0
0.0
0.0
0.0
0.0
0.0
0.0
0.0
0.0
0.0
0.0
0.0
0.0
0.0
0.0
0.0
0.0
0.0
0.0
0.0
0.0
0.0
0.0
0.0
0.0
0.0
0.0
0.0
0.0
0.0
0.0
0.0
0.0
0.0
0.0
0.0
0.0
0.0
0.0
0.0
0.0
0.0
0.0
0.0
0.0
0.0
0.0
0.0
0.0
0.0
0.0
0.0
0.0
0.0
0.0
0.0
0.0
0.0
0.0
0.0
0.0
0.0
0.0
0.0
0.0
0.0
0.0
0.0
0.0
0.0
0.0
0.0
0.0
0.0
0.0
0.0
0.0
0.0
0.0
0.0
0.0
0.0
0.0
0.0
0.0
0.0
0.0
0.0
0.0
0.0
0.0
0.0
0.0
0.0
0.0
0.0
0.0
0.0
0.0
0.0
0.0
0.0
0.0
0.0
0.0
0.0
0.0
0.0
0.0
0.0
0.0
0.0
0.0
0.0
0.0
0.0
0.0
0.0
0.0
0.0
0.0
0.0
0.0
0.0
0.0
0.0
0.0
0.0
0.0
0.0
0.0
0.0
0.0
0.0
0.0
0.0
0.0
0.0
0.0
0.0
0.0
0.0
0.0
0.0
0.0
0.0
0.0
0.0
0.0
0.0
0.0
0.0
0.0
0.0
0.0
0.0
0.0
0.0
0.0
0.0
0.0
0.0
0.0
0.0
0.0
0.0
0.0
0.0
0.0
0.0
0.0
0.0
0.0
0.0
0.0
0.0
0.0
0.0
0.0
0.0
0.0
0.0
0.0
0.0
0.0
0.0
0.0
0.0
0.0
0.0
0.0
0.0
0.0
0.0
0.0
0.0
0.0
0.0
0.0
0.0
0.0
0.0
0.0
0.0
0.0
0.0
0.0
0.0
0.0
0.0
0.0
0.0
0.0
0.0
0.0
0.0
0.0
0.0
0.0
0.0
0.0
0.0
0.0
0.0
0.0
0.0
0.0
0.0
0.0
0.0
0.0
0.0
0.0
0.0
0.0
0.0
0.0
0.0
0.0
0.0
0.0
0.0
0.0
0.0
0.0
0.0
0.0
0.0
0.0
0.0
0.0
0.0
0.0
0.0
0.0
0.0
0.0
0.0
0.0
0.0
0.0
0.0
0.0
0.0
0.0
0.0
0.0
0.0
0.0
0.0
0.0
0.0
0.0
0.0
0.0
0.0
0.0
0.0
0.0
0.0
0.0
0.0
0.0
0.0
0.0
0.0
0.0
0.0
0.0
0.0
0.0
0.0
0.0
0.0
0.0
0.0
0.0
0.0
0.0
0.0
0.0
0.0
0.0
0.0
0.0
0.0
0.0
0.0
0.0
0.0
0.0
0.0
0.0
0.0
0.0
0.0
0.0
0.0
0.0
0.0
0.0
0.0
0.0
0.0
0.0
0.0
0.0
0.0
0.0
0.0
0.0
0.0
0.0
0.0
0.0
0.0
0.0
0.0
0.0
0.0
0.0
0.0
0.0
0.0
0.0
0.0
0.0
0.0
0.0
0.0
0.0
0.0
0.0
0.0
0.0
0.0
0.0
0.0
0.0
0.0
0.0
0.0
0.0
0.0
0.0
0.0
0.0
0.0
0.0
0.0
0.0
0.0
0.0
0.0
0.0
0.0
0.0
0.0
0.0
0.0
0.0
0.0
0.0
0.0
0.0
0.0
0.0
0.0
0.0
0.0
0.0
0.0
0.0
0.0
0.0
0.0
0.0
0.0
0.0
0.0
0.0
0.0
0.0
0.0
0.0
0.0
0.0
0.0
0.0
0.0
0.0
0.0
0.0
0.0
0.0
0.0
0.0
0.0
0.0
0.0
0.0
0.0
0.0
0.0
0.0
0.0
0.0
0.0
0.0
0.0
0.0
0.0
0.0
0.0
0.0
0.0
0.0
0.0
0.0
0.0
0.0
0.0
0.0
0.0
0.0
0.0
0.0
0.0
0.0
0.0
0.0
0.0
0.0
0.0
0.0
0.0
0.0
0.0
0.0
0.0
0.0
0.0
0.0
0.0
0.0
0.0
0.0
0.0
0.0
0.0
0.0
0.0
0.0
0.0
0.0
0.0
0.0
0.0
0.0
0.0
0.0
0.0
0.0
0.0
0.0
0.0
0.0
0.0
0.0
0.0
0.0
0.0
0.0
0.0
0.0
0.0
0.0
0.0
0.0
0.0
0.0
0.0
0.0
0.0
0.0
0.0
0.0
0.0
0.0
0.0
0.0
0.0
0.0
0.0
0.0
0.0
0.0
0.0
0.0
0.0
0.0
0.0
0.0
0.0
0.0
0.0
0.0
0.0
0.0
0.0
0.0
0.0
0.0
0.0
0.0
0.0
0.0
0.0
0.0
0.0
0.0
0.0
0.0
0.0
0.0
0.0
0.0
0.0
0.0
0.0
0.0
0.0
0.0
0.0
0.0
0.0
0.0
0.0
0.0
0.0
0.0
0.0
0.0
0.0
0.0
0.0
0.0
0.0
0.0
0.0
0.0
0.0
0.0
0.0
0.0
0.0
0.0
0.0
0.0
0.0
0.0
0.0
0.0
0.0
0.0
0.0
0.0
0.0
0.0
0.0
0.0
0.0
0.0
0.0
0.0
0.0
0.0
0.0
0.0
0.0
0.0
0.0
0.0
0.0
0.0
0.0
0.0
0.0
0.0
0.0
0.0
0.0
0.0
0.0
0.0
0.0
0.0
0.0
0.0
0.0
0.0
0.0
0.0
0.0
0.0
0.0
0.0
0.0
0.0
0.0
0.0
0.0
0.0
0.0
0.0
0.0
0.0
0.0
0.0
0.0
0.0
0.0
0.0
0.0
0.0
0.0
0.0
0.0
0.0
0.0
0.0
0.0
0.0
0.0
0.0
0.0
0.0
0.0
0.0
0.0
0.0
0.0
0.0
0.0
0.0
0.0
0.0
0.0
0.0
0.0
0.0
0.0
0.0
0.0
0.0
0.0
0.0
0.0
0.0
0.0
0.0
0.0
0.0
0.0
0.0
0.0
0.0
0.0
0.0
0.0
0.0
0.0
0.0
0.0
0.0
0.0
0.0
0.0
0.0
0.0
0.0
0.0
0.0
0.0
0.0
0.0
0.0
0.0
0.0
0.0
0.0
0.0
0.0
0.0
0.0
0.0
0.0
0.0
0.0
0.0
0.0
0.0
0.0
0.0
0.0
0.0
0.0
0.0
0.0
0.0
0.0
0.0
0.0
0.0
0.0
0.0
0.0
0.0
0.0
0.0
0.0
0.0
0.0
0.0
0.0
0.0
0.0
0.0
0.0
0.0
0.0
0.0
0.0
0.0
0.0
0.0
0.0
0.0
0.0
0.0
0.0
0.0
0.0
0.0
0.0
0.0
0.0
0.0
0.0
0.0
0.0
0.0
0.0
0.0
0.0
0.0
0.0
0.0
0.0
0.0
0.0
0.0
0.0
0.0
0.0
0.0
0.0
0.0
0.0
0.0
0.0
0.0
0.0
0.0
0.0
0.0
0.0
0.0
0.0
0.0
0.0
0.0
0.0
0.0
0.0
0.0
0.0
0.0
0.0
0.0
0.0
0.0
0.0
0.0
0.0
0.0
0.0
0.0
0.0
0.0
0.0
0.0
0.0
0.0
0.0
0.0
0.0
0.0
0.0
0.0
0.0
0.0
0.0
0.0
0.0
0.0
0.0
0.0
0.0
0.0
0.0
0.0
0.0
0.0
0.0
0.0
0.0
0.0
0.0
0.0
0.0
0.0
0.0
0.0
0.0
0.0
0.0
0.0
0.0
0.0
0.0
0.0
0.0
0.0
0.0
0.0
0.0
0.0
0.0
0.0
0.0
0.0
0.0
0.0
0.0
0.0
0.0
0.0
0.0
0.0
0.0
0.0
0.0
0.0
0.0
0.0
0.0
0.0
0.0
0.0
0.0
0.0
0.0
0.0
0.0
0.0
0.0
0.0
0.0
0.0
0.0
0.0
0.0
0.0
0.0
0.0
0.0
0.0
0.0
0.0
0.0
0.0
0.0
0.0
0.0
0.0
0.0
0.0
0.0
0.0
0.0
0.0
0.0
0.0
0.0
0.0
0.0
0.0
0.0
0.0
0.0
0.0
0.0
0.0
0.0
0.0
0.0
0.0
0.0
0.0
0.0
0.0
0.0
0.0
0.0
0.0
0.0
0.0
0.0
0.0
0.0
0.0
0.0
0.0
0.0
0.0
0.0
0.0
0.0
0.0
0.0
0.0
0.0
0.0
0.0
0.0
0.0
0.0
0.0
0.0
0.0
0.0
0.0
0.0
0.0
0.0
0.0
0.0
0.0
0.0
0.0
0.0
0.0
0.0
0.0
0.0
0.0
0.0
0.0
0.0
0.0
0.0
0.0
0.0
0.0
0.0
0.0
0.0
0.0
0.0
0.0
0.0
0.0
0.0
0.0
0.0
0.0
0.0
0.0
0.0
0.0
0.0
0.0
0.0
0.0
0.0
0.0
0.0
0.0
0.0
0.0
0.0
0.0
0.0
0.0
0.0
0.0
0.0
0.0
0.0
0.0
0.0
0.0
0.0
0.0
0.0
0.0
0.0
0.0
0.0
0.0
0.0
0.0
0.0
0.0
0.0
0.0
0.0
0.0
0.0
0.0
0.0
0.0
0.0
0.0
0.0
0.0
0.0
0.0
0.0
0.0
0.0
0.0
0.0
0.0
0.0
0.0
0.0
0.0
0.0
0.0
0.0
0.0
0.0
0.0
0.0
0.0
0.0
0.0
0.0
0.0
0.0
0.0
0.0
0.0
0.0
0.0
0.0
0.0
0.0
0.0
0.0
0.0
0.0
0.0
0.0
0.0
0.0
0.0
0.0
0.0
0.0
0.0
0.0
0.0
0.0
0.0
0.0
0.0
0.0
0.0
0.0
0.0
0.0
0.0
0.0
0.0
0.0
0.0
0.0
0.0
0.0
